$ANSIBLE_VAULT;1.1;AES256
32386233313535663266346233396638386331396638633833633265636230333138636462616262
3961356463663439333131306633336534333038373430320a616330623832653562313337313336
62396364363337346237653638646433323332333433353632376230623533346232626138353066
6131363336313832660a316264343139343636653933656536616565363431343337383433663466
39663037623663663262393032656265663033626633636232303137313665633136326630353733
34613734663462373763616634663563666561393031386539613835306565656163643435363930
66393661356665623962646531366663303865313964333961626435343531343931366635343532
62323863623664353962336237386539386338613138333239326163396161623931363137376365
63666264313934376461323963376632373764613062396261636565346661316230656134356136
32623566656332643232383738626236373165323134306139373861396138613861613735663561
63303337656465376530656464323036316362323863343837643461616437366530323065643265
30353133323437393738666565323035346130623237373336363030666135633738336566653135
37613335303733663938373864663462653461663262633563306363383562343331656336313633
36333938663031336565613336653661616365323830656333313835333537363638366263633430
36383163303532393961613730356463393439326432393239613736653238623634666431336137
34663136353266333438333332303837623061396436336239653232313231313130393762316335
31376538343234653935633833643031396161636435376337626461366637316566623263616631
63643134383432333731346630336435633030633738396163326539383932313731613764353162
34303733336461663231393233393365656431636661373466653639346238333566653937393934
32383038636361613937353934303437666436303664383039643139666532333437623565316337
61393331646336306364363163663762636162396136663430323737353762616465333962353931
30316563303134626638623735633866346538323163393538326134393961633235613635366661
66303965666439363534353563626435336537353236356136386538303332326463386436303233
36613138336139613266316432663364373565393562373034646630353137666435396336633834
39323962363732646361656532356436303132613937363034633063666233386364396365323934
64306132633734303033663863366237333161643464396362646230343833316262373537336536
37396365623065633865326234616363316235333165613061343034643133653335313565633933
37316263343431616333653330653432333439656538366537363937323530646131336566346332
39656563643166353062303132616261386338666266303463363038393332336463343333396261
61313337336430656134666437333831323766376634646261346132366236373639633034363831
303434373231373864613765306465626639
